Video Id,Title,View Count,Length,Channel
EAkIjq46Rlg,BUWAN - Juan Karlos Labajo (KARAOKE VERSION),39 353 046 katselukertaa,6.02,/@CoversPH
51JSTXhfx3c,Golden buzzer act Lorraine Bowen won't crumble under pressure | Britain's Got Talent 2015,14 023 080 katselukertaa,4.32,/@BGT
CrAuehCWZg8,Can Julie Bowen Identify Her Kids By Feeling Their Faces?,12 046 606 katselukertaa,4.53,/@JimmyKimmelLive
k3D3grn9XUo,Julie Bowen Does the Best Sofía Vergara Impression,10 949 101 katselukertaa,2.50,/@TheEllenShow
3FnOY86v390,Holding Out For a Hero (Ella Mae Bowen),9 682 846 katselukertaa,4.22,/channel/UCbY2F2rDABdV0M5cFfZOnWQ
97l5eLZ7kCo,Sheep shearing - Bowen Technique,5 583 383 katselukertaa,9.39,/@Mrpallman1
VI38NbYqZpQ,Who I Am,5 438 322 katselukertaa,4.36,/channel/UCTc_spORskVY6NWTWOgeF8A
qP5bu9hLH9E,Weekend Update: The Iceberg on the Sinking of the Titanic - SNL,5 010 554 katselukertaa,4.35,/@SaturdayNightLive
A5tkchDZO2A,Brandon Bowen Vs Austin Miles Geter (W/Titles) Best Funny Vine Videos,4 609 367 katselukertaa,25.33,/@vine_age
uo6_xItt2s0,Bowen y Villafuerte | 16 grandes exitos.,3 144 126 katselukertaa,44.45,/@Recordandoelayer
KGSdOg36pWI,"Weekend Update ft. Aubrey Plaza, Amy Poehler and Bowen Yang - SNL",3 050 294 katselukertaa,13.24,/@SaturdayNightLive
1N0fWFSo3JY,NFL on Fox Cold Open - SNL,2 688 311 katselukertaa,6.57,/@SaturdayNightLive
jOwMFs0FGlw,Lucho Bowen - Hoja seca - Colección Lujomar.wmv,2 546 191 katselukertaa,2.57,/@lujomar2000
t5FF7DcwXGU,Bowen 王博文 -《梦》,2 520 639 katselukertaa,4.50,/@awesome1787
C_GBU-bhkvw,QUERERTE YA NO PUEDO - Lucho Bowen,2 472 230 katselukertaa,3.15,/@ErnestoPerezCamacho415
ekwpzfxyUPI,MASON MOUNT KIDNAPPS JARROD BOWEN?! (**EXTREME JEALOUSY**),2 422 094 katselukertaa,0.25,/@augeyboyz
vOO9WSH-8_Y,Julie Bowen PART 2,2 329 359 katselukertaa,0.17,/@celebritylegsonvideo
4TPgBDGXwKU,Julie Bowen,2 309 289 katselukertaa,0.23,/@celebritylegsonvideo
CZ1Nz3UOOas,"Michele Bowen, Bassoon",2 165 848 katselukertaa,2.24,/@CaroleeBowen
szHsxxBXV9o,"Mitch Marner ""Toilet Paper On His Shoe""!!! Joe Bowen and Jim Ralph! 🤣 🤣 🤣 #leafs",1 946 634 katselukertaa,0.11,/@JeffTheLeafsFan
