Video Id,Title,View Count,Length,Channel
Tl5SRQ_yduw,How to Insert Checkbox in Excel,89 300 katselukertaa,11.26,/@KevinStratvert
Jj1iJSnXEG8,How to Use Excel Checkboxes | Interactive Checklists & Reports,741 015 katselukertaa,8.02,/@LeilaGharani
ViEHzRPVj-M,How to Add Check Boxes In MS Excel Sheet (Easy),593 027 katselukertaa,2.27,/@MJTube11
M6YLt7YiRMI,Make Attendance Sheet Online with Checkboxes Google sheet formula to count workdays - #Gsheets,1 686 948 katselukertaa,0.45,/@LearnExceltoexcel
LHp7HtMlO14,How to make checkboxes (linked) in Excel! #excel,96 051 katselukertaa,1.00,/@easy_sheets
nqfQQVoHT-4,3 Impressive Dynamic Reports using Check Boxes,35 271 katselukertaa,13.10,/@MyOnlineTrainingHub
dd84pCQv-eA,How to involve checkboxes in formula,9 432 katselukertaa,0.59,/@ahsing_excel_VBA
FrQcgNMmI24,Make checkboxes the right way in Excel! #excel,64 219 katselukertaa,0.31,/@easy_sheets
-M7IlCYoFPk,How to Calculate Attendance Automatic in Excel using Checkbox (Excel Tips) ||,27 430 katselukertaa,0.53,/@PKNInfoWorld
UV0j9wmDKz4,How to Insert a Checkbox in Excel (Quick and Easy),487 587 katselukertaa,3.52,/@ExcelTutorialsEasyClickAcademy
ttNVzWn1WQA,How to use Checkbox and countif in excel,29 835 katselukertaa,0.39,/@Manjeetemo
BuA61JcEmvg,How to add checkboxes in Excel,1 476 katselukertaa,0.24,/@excel.withgrant
Sdri1QKIBuM,How to Use Excel Checkboxes with Strike Through,61 241 katselukertaa,10.04,/@geniusworldteam
EQ3uB1TDwkQ,Excel - 200 Checkboxes in Excel - Podcast 1871,45 960 katselukertaa,7.32,/@MrXL
Z23yad_L3Ds,Checkboxes and IF:THEN Logic,1 508 katselukertaa,4.04,/@wallstreetprep
VVGgHR1ZDno,How to Customised Checkbox using CSS only | Geekboots,7 333 katselukertaa,1.00,/@Geekboots
qMQ0UB6WyKQ,Using Checkboxes in Excel - Part 1,621 425 katselukertaa,10.10,/@techteachersandstudents
IKZSOnZIRes,Checkboxes with Multiple Conditional Formatting,20 172 katselukertaa,7.10,/@OfficeTechEDU
uX-BTmcfK2M,Real Use of Checkbox HTML & CSS,12 605 katselukertaa,0.14,/@CodingLabYT
WUZKCDUsGvs,Google Sheets Checkbox Ideas Part 3 #googlesheets,4 769 katselukertaa,0.10,/@classnotes
