Video Id,Title,View Count,Length,Channel
93Y_eCwdR5k,7UP Madras Gig -  Orasaadha | Vivek - Mervin,98 521 545 katselukertaa,4.16,/@SonyMusicIndia
ItZyaOlrb7E,This Drummer Is At The Wrong Gig,52 728 436 katselukertaa,4.47,/@themaddrummerofficial
jv5RtGHKLWg,Top 10 Pranks of 2019 | Best of Just For Laughs Gags,38 196 938 katselukertaa,14.50,/@gags
5l1rdqmWxGU,Giggs - Lock Doh feat. Donae'o (Official Video),37 132 660 katselukertaa,3.18,/channel/UCmr7DXbJTneExuUIxS431rA
kPHcrgWkrI4,Just For Laughs Gags Ultra Best Of Video,32 423 940 katselukertaa,1.21.26,/@MrGnomica
oakNKCwMoSo,7UP Madras Gig - Orasaadha Lyric | Vivek - Mervin,30 419 457 katselukertaa,4.17,/@SonyMusicSouthVEVO
dgTd53FSY00,"Caught you in 4K UHD surround sound 16 Gigs ram, HDR GEFORCE RTX, TI-80#youtubeshorts #youtube",28 141 413 katselukertaa,0.46,/@ajbhairav
mPGv8L3a_sY,The Great Gig In The Sky,27 599 880 katselukertaa,4.45,/channel/UCY2qt3dw2TQJxvBrDiYGHdQ
f10yTpZzuv4,67 ft Giggs - Lets Lurk [Music Video] | @Official6ix7 @OfficialGiggs | Link Up TV,22 874 474 katselukertaa,4.37,/@linkuptv
UThmnTvDTY0,Just for Laugh Gags Compilation - 2 Hours - (HD) 720p,21 681 585 katselukertaa,2.02.14,/@justforlaughgagscompilatio5567
q6EmIqyHox0,7UP Madras Gig - Kanne Kanne | Leon James | Jonita Gandhi,20 924 214 katselukertaa,4.10,/@SonyMusicIndia
CjodB1lAT90,7UP Madras Gig - Raati | Santhosh Dhayanidhi,18 690 496 katselukertaa,4.14,/@SonyMusicIndia
ixl31324UxE,Cyberpunk 2077 — Official Trailer — The Gig,15 080 831 katselukertaa,2.14,/@CyberpunkGame
mxl22OsRjF8,Giggs - Whippin Excursion (Official Video),14 982 372 katselukertaa,2.33,/channel/UCmr7DXbJTneExuUIxS431rA
oIUL10qOeR8,Giggs - Look What The Cat Dragged In (Official Video),14 825 522 katselukertaa,2.46,/channel/UCmr7DXbJTneExuUIxS431rA
cVBCE3gaNxc,[HD] Pink Floyd - The Great Gig In The Sky,12 677 776 katselukertaa,4.48,/@tteu123
Qozm-IiUMz4,Giggs - Fire In The Booth (part 2),12 220 194 katselukertaa,7.42,/@charliesloth
u6mLC40dJB0,Giggs - Linguo feat. Donae'o (Official Video),11 998 437 katselukertaa,2.55,/channel/UCmr7DXbJTneExuUIxS431rA
vWZ6hmHj2MA,Pink Floyd - The Great Gig In The Sky (PULSE Restored & Re-Edited),10 087 031 katselukertaa,5.18,/channel/UCY2qt3dw2TQJxvBrDiYGHdQ
914OHMH5zqE,GIGGS - TALKING DA HARDEST,9 052 996 katselukertaa,2.48,/@xlrecordings
